1
2
10
21
1
2
3
4
5
6
7
8
9
10
11
12
12312
2134
2
123
4123
4
2
125
15
12
5
15
2
5
346
457
5
8756
8
547
45
634
347
35
213
5
357
56
5
341
5
457
59
54
7
326
2
745
834
56
38
45
34
6
48
4
342
7
346
45
634
7
46
4
754
6
36
34
64
8
427
579
68
06
57
457
67
076
0
7567
45
656
9
780
897
65
74
56
45
324
7
59
65
74
667
54
56234
7
5698
674
745
7
54
09780
346
45
7437
47
4
8956
46
45
643
6
46
437
43
4
62
6
248
56
67
9
548
43
745
67
5
867
90
7890
678
5
37
45
645
8
5563
7
436
34
8
568
75
457
43
64
64
8
548
4
78
564
7324
6
4
0
