1
2
3
4
5
6
67
78
8
9
123
12
312
3
123
12
3
2
543
6
589
6523
4
143
121000000000000000000000000000000000
100000000000000000000000000000000000
100000000000000000000000000000000000
123123123121231231231231231231
123123123123213123123123123123
213123123123123123123123123123123123123123123123
123123123123123123123123123123432536457547436457587394561320978562391874120421376512987
154792349082137835691
21394817234905632489570
13459715609093457198345712094569105
3425908342503756342907563248075621340956039456205818423817041567462130874621384213601263487021368412
23190746293146230461237
231947061230947623104
2134897631289476132948
213874936123984612
2349872136847923681977421
231485984213596431581462378496231879462987
21398745123694123594213547821364478561289746123849712634897
21348973126481235447213558483591692854584985698562198565688565686998198
2134879231468923746312874123694231874612389746123847216389472136487932164213874692138796231
21348723148972346238476213872387914321894763128947264
3214879123464367834239468312784612384792163694238741946213879419462139
