57
1
2
3
4
5
6
7
8
9
10
11
12
13
14
15
16
17
18
19
20
21
22
23
24
25
26
27
28
29
30
301
302
303
304
305
306
307
308
309
310
1111111111111111111
2222222222222222222
3333333333333333333
4444444444444444444
5555555555555555555
6666666666666666666
7777777777777777777
8888888888888888888
9999999999999999999
1010101010101010101010101010101
21
312213123324123421452142134232134215214872146921378462381794
4213402316421340621034621374
21384761284621406859746587916578215
52134012567561287568746128075641056
2154120462105216875641875614856105601187456041
8915684756148056105618756417305610456410561045601