8
3 1 2 3 3 1 5 3
7
5 2 5 3 4 5 5
1
1
2
1 1
10
1 1 1 1 1 1 1 1 1 1
5
1 2 3 4 5
20
1 2 3 4 5 6 7 8 9 1 1 1 1 1 1 1 1 1 1 1
8
3 1 2 3 3 1 5 3
7
5 2 5 3 4 5 5
1
1
2
1 1
10
1 1 1 1 1 1 1 1 1 1
5
1 2 3 4 5
20
1 2 3 4 5 6 7 8 9 1 1 1 1 1 1 1 1 1 1 1
8
3 1 2 3 3 1 5 3
7
5 2 5 3 4 5 5
1
1
2
1 1
10
1 1 1 1 1 1 1 1 1 1
5
1 2 3 4 5
20
1 2 3 4 5 6 7 8 9 1 1 1 1 1 1 1 1 1 1 1
8
3 1 2 3 3 1 5 3
7
5 2 5 3 4 5 5
1
1
2
1 1
10
1 1 1 1 1 1 1 1 1 1
5
1 2 3 4 5
20
1 2 3 4 5 6 7 8 9 1 1 1 1 1 1 1 1 1 1 1
8
3 1 2 3 3 1 5 3
7
5 2 5 3 4 5 5
1
1
2
1 1
10
1 1 1 1 1 1 1 1 1 1
5
1 2 3 4 5
20
1 2 3 4 5 6 7 8 9 1 1 1 1 1 1 1 1 1 1 1
8
3 1 2 3 3 1 5 3
7
5 2 5 3 4 5 5
1
1
2
1 1
10
1 1 1 1 1 1 1 1 1 1
5
1 2 3 4 5
20
1 2 3 4 5 6 7 8 9 1 1 1 1 1 1 1 1 1 1 1
8
3 1 2 3 3 1 5 3
7
5 2 5 3 4 5 5
1
1
2
1 1
10
1 1 1 1 1 1 1 1 1 1
5
1 2 3 4 5
20
1 2 3 4 5 6 7 8 9 1 1 1 1 1 1 1 1 1 1 1
8
3 1 2 3 3 1 5 3
7
5 2 5 3 4 5 5
1
1
2
1 1
10
1 1 1 1 1 1 1 1 1 1
5
1 2 3 4 5
20
1 2 3 4 5 6 7 8 9 1 1 1 1 1 1 1 1 1 1 1
8
3 1 2 3 3 1 5 3
7
5 2 5 3 4 5 5
1
1
2
1 1
10
1 1 1 1 1 1 1 1 1 1
5
1 2 3 4 5
20
1 2 3 4 5 6 7 8 9 1 1 1 1 1 1 1 1 1 1 1
8
3 1 2 3 3 1 5 3
7
5 2 5 3 4 5 5
1
1
2
1 1
10
1 1 1 1 1 1 1 1 1 1
5
1 2 3 4 5
20
1 2 3 4 5 6 7 8 9 1 1 1 1 1 1 1 1 1 1 1
3
1234 1234 123
4
9999 9999 9999 9
8
12345 12345 12345 12345 12 32 31 52
0
